4382
2463
3185
3197
7173
6087
4670
5514
8681
84
8669
137
5932
5046
4912
6537
7954
6590
2787
9080
8458
2389
7215
4759
4737
1060
3120
2325
3300
8496
9594
3263
9536
2503
6513
3426
4110
8797
1507
7227
1782
4220
5312
402
9077
1628
4807
4080
550
9595
7447
9380
308
2104
8712
6949
4101
4346
2320
2787
8257
8398
5192
561
5299
8100
9654
7317
2430
2928
7798
5705
1237
6634
8546
6834
2043
8252
404
1774
4891
4913
5821
8412
2085
8116
1282
4715
8706
2173
4320
1187
7986
2164
9558
146
7047
6239
6870
6196
2546
4568
5643
9769
231
1143
124
6923
7865
63
9468
3797
9579
7115
3308
3438
2624
5112
6373
5162
4054
7665
9195
9643
8133
3535
4267
8814
4023
1450
8928
6711
1639
7125
9169
2221
2958
2420
5686
1164
8316
323
3128
6565
4167
9296
8315
1635
2794
9180
4092
1878
6953
2540
3854
9094
5510
3222
8121
5682
2602
7210
5526
6360
243
5817
3718
1580
442
5994
5412
6784
477
1314
8934
6742
1535
2642
1059
3951
1718
257
3692
3615
1535
7382
4437
4704
6463
5311
6849
5990
2160
9100
8668
9690
87
4267
8098
2290
6699
8905
455
8365
1901
2950
4915
2533
6402
940
3037
3412
6171
4445
8337
1968
6176
3478
5440
5163
5888
9679
753
3460
5562
2667
9536
8256
1013
9232
1729
2049
7732
1887
8736
4941
2969
251
9480
4712
1622
4926
2572
889
3936
1035
5447
8246
6907
3798
1289
981
5415
8323
6734
65
2681
368
3167
2783
1792
8595
8871
837
2149
1889
67
8970
2952
6600
8674
3788
1933
6207
4780
6641
3496
1001
3353
4791
8083
7611
1520
9524
141
9825
7338
6157
8376
2427
728
4405
6323
63
1586
3648
4525
8430
2426
9092
5348
1078
9540
3102
3249
9347
3124
1015
5916
3655
5599
115
6984
3380
8786
9184
4608
2173
1056
5351
8964
1802
6792
8478
32
9722
7048
1176
2641
6249
8727
7509
3623
7216
9017
6156
9862
2672
6227
6106
5737
739
4283
9170
6695
9093
7677
1270
8061
7596
6831
148
6137
5046
8744
8436
9144
7426
4843
6016
6475
4867
9871
2971
1921
9399
3624
8317
9501
4038
6437
730
9442
2418
1311
7700
4490
5652
5012
3120
6345
9178
3485
9593
9896
9566
6916
4580
1007
4563
49
4339
700
4254
241
3688
5808
8432
172
1400
2080
8974
5392
8891
2971
4430
4607
5756
9702
1275
3600
1878
8629
6686
3550
4969
6015
9483
1859
6015
5575
6617
7459
5950
6074
6394
475
2697
8568
8583
9025
3063
4881
4587
75
3205
381
9482
8561
2325
3684
6669
2556
8595
8845
5069
1950
4351
8485
3031
164
8904
5788
556
6317
5120
2655
7469
9349
135
7444
3064
2147
5678
8188
264
4285
2902
3093
9725
3664
3893
3526
6552
8271
5210
4684
3299
9393
3953
5011
3685
668
4417
5421
2099
4271
149
4433
5530
6883
9182
9760
2893
3082
9621
1758
9152
5853
112
7641
1421
3648
7143
5203
1175
4214
3766
8023
2123
3732
5531
982
8192
4831
3191
2532
7216
9592
2532
5606
1284
935
9057
4429
6401
970
6347
2863
1595
1218
9008
2422
1247
1655
7813
7243
5304
7621
4661
6702
1194
3195
4048
860
4362
496
1147
3128
7937
1544
9489
9699
3933
4473
857
9769
3690
7650
5850
5138
4405
5683
4116
8794
8279
7947
590
9982
9
2749
6875
3394
1460
7290
7205
4412
4934
233
6506
9976
9605
8670
9265
4492
2145
4600
2159
2964
8795
9410
5525
2391
3745
46
9332
7019
7227
7378
2893
4004
4000
5934
9205
2286
5447
3583
4023
8920
6602
196
3904
9956
1452
3421
7295
9023
7873
401
3422
9332
8722
9825
6455
2780
9352
8224
8092
8971
1040
5319
2814
3918
1973
7473
8446
1646
1888
148
276
4741
5303
8440
6251
1767
6375
7550
6911
9898
4327
8064
9111
8282
522
3947
3699
5758
7010
355
7940
1929
3560
1980
6951
6329
3477
1284
3476
3850
8057
1510
2324
880
7568
2322
1160
5852
9414
6143
6302
3527
2618
9816
6361
2140
2077
3380
9657
2834
6051
9811
9633
5122
3245
8120
2758
7715
3066
7558
3398
879
6739
4122
3960
5460
5511
1586
7026
650
7841
5380
8666
2932
1822
7551
8325
9435
4303
3349
1577
1988
5505
8425
9261
6992
7421
5674
1525
3806
7285
9111
5867
230
5031
7011
6410
1448
8799
7900
4073
7582
499
2459
8131
8664
1353
667
4390
3348
1009
9464
7477
7782
2673
7460
2648
3972
6117
7152
1653
2144
5785
5752
1195
4900
3491
5481
6751
1086
9418
4967
3483
7663
1207
6513
1297
6626
9257
1416
21
6431
6838
7101
627
6961
4517
8937
2804
8894
4212
2921
8364
504
6840
9570
255
8476
5609
4034
1382
5375
7938
469
8791
3221
3626
5819
8563
4620
9177
1124
8240
1433
6469
4719
3612
4094
9757
9760
2347
4940
8720
5708
5454
313
3031
2480
9509
3414
2975
2337
9547
1301
4072
6685
4141
2736
7121
3966
8318
1661
7173
2002
6194
8205
2893
3626
5153
6638
8664
9126
5538
8701
7235
785
3835
6448
8061
1887
8470
2622
7634
4300
963
6390
7743
9062
9698
996
5550
1526
1580
3545
6351
6520
8425
2468
8402
7841
8283
2383
8499
3455
8570
1818
2778
6118
5232
8342
3389
6501
835
4061
7643
1339
2800
4636
1029
238
1912
9940
409
5522
4712
9941
2811
2790
7320
1410
7607
6378
6508
8653
4877
4034
1537
3603
6569
5582
3332
7308
2206
1802
3730
5160
4008
6973
9757
3461
4667
8856
4989
1609
9347
6168
5856
9154
1067
9316
5739
7234
7560
2275
3926
5795
9592
6648
8167
6235
7367
4142
8350
8732
5992
4787
9588
3222
4534
4032
2568
7527
7433
8929
4469
922
240
8718
6976
7004
3190
4677
5649
6108
6928
5659
9609
5896
4279
7133
7689
7745
7723
9075
763
3858
623
2321
1925
653
2265
2188
7609
457
1489
5956
3847
9739
4402
9151
1155
