9315
7154
3964
3080
3556
5435
3671
4059
3787
3679
6574
5546
358
171
189
2274
1467
4903
2206
3478
8967
8739
9447
1110
6092
5674
4272
7538
7609
1593
1442
3549
6722
1510
4669
2886
3093
8421
9345
3804
5030
8341
565
8364
1351
5777
3278
8822
5899
6040
7125
7052
4462
6458
1512
6189
1419
2535
3416
2765
3970
6317
1059
9684
697
7663
988
6896
6927
9456
5639
9730
2030
5589
3694
984
1342
2919
3082
8460
2753
5067
9101
2610
5920
6382
759
7397
1268
1961
9487
9964
3169
4643
4372
3027
7250
6265
7683
7453
3198
4583
1331
8449
4806
9046
1677
2596
3338
7367
3803
3356
4086
831
9424
9268
5360
7480
1086
3003
4097
6169
2934
4282
8060
3793
6840
6598
6067
2581
3178
8545
2059
4151
5295
348
5971
544
1021
673
3931
7390
7503
4017
4717
4297
9799
5316
951
596
1895
6116
4340
2303
2940
9367
4683
1027
7535
484
4777
9556
5101
2167
4057
2856
6065
6376
1221
4978
2105
6820
4540
5815
7682
3206
7357
1695
5755
8165
7363
9678
3390
1378
2570
4270
4752
8768
5427
5363
3061
8758
2706
5654
4428
6828
5137
9600
6556
6358
6348
7723
6746
1797
5603
7026
4834
6665
7011
4795
4791
532
8091
588
7945
2547
5058
6467
5607
5076
3100
8838
6148
1377
8220
7366
3026
9011
9246
9860
8363
6378
4830
8948
7915
5359
4162
5057
5625
3916
6436
9649
6787
9486
4318
3325
1000
2516
2897
9557
320
970
3570
8282
6948
5871
3072
1358
7080
2334
928
9051
6433
7818
8856
4697
3066
5796
4674
8445
8860
2401
9998
5465
9689
5511
8734
7214
2560
7817
9776
866
2348
2017
1463
3359
9095
3279
5443
999
725
5675
2441
1617
6445
6777
1438
6703
2393
8255
6575
3483
917
5204
3428
6745
4138
9972
5719
7575
5700
6306
3641
8247
3968
3560
1121
4622
6431
6411
210
5837
1721
9918
6097
1941
7843
29
3219
208
1197
4343
6238
3010
3133
32
8114
4001
7042
9510
6231
7696
7874
1886
7086
647
6580
5157
1472
3315
1926
5519
3507
7385
8741
6871
3918
6650
543
7257
2063
9872
3845
1471
9228
8235
6263
7410
5212
7801
5302
1502
1345
3855
270
7858
4723
1683
7877
7148
8380
8810
5090
4755
2787
9956
1381
5781
5320
1083
9288
6737
6805
9452
8786
5853
2192
9516
7312
4349
8384
3379
8120
9026
9282
1237
4753
287
5699
185
6808
768
6630
1605
5045
2138
4502
6333
7248
9108
9078
2975
606
9667
7626
269
9303
9139
2711
4564
583
6936
7804
7528
5572
4905
5559
9598
4524
4544
1214
4759
8325
3498
9898
9280
6361
7672
4370
5149
8337
3957
7533
5370
6117
8978
1412
4652
9006
1071
64
11
6327
16
3372
6222
5749
6322
6726
801
7745
2900
8646
7964
7673
9220
5598
5129
2782
8211
9437
1207
2863
5926
1885
1840
4418
7085
4867
6967
1598
5786
7729
476
7094
9928
7560
6995
6784
8658
345
4814
5988
1295
9062
5225
3661
6933
9585
4230
497
8706
8479
4835
2677
1150
2267
8434
8113
249
5487
4338
9656
6855
803
5858
6054
135
9614
318
3470
2656
2632
2112
1320
6849
7377
5264
6629
2742
5240
1434
7856
5086
1592
9002
5659
6370
3702
6203
7028
1750
9547
7336
6582
4495
5631
9941
2606
6248
1303
3938
3601
5365
1064
7275
2877
5108
9320
1250
7854
6604
4118
575
6782
214
7073
437
8442
9401
4159
292
6966
6131
8420
9446
9623
2659
6367
3680
8659
125
381
9584
4510
4346
271
3576
4407
7499
3763
1489
9309
8744
9990
1395
8436
3117
6790
2081
7497
5401
3914
4333
9241
9193
3136
2522
6354
8049
1925
3443
3492
9174
3116
9712
528
2436
4914
94
2694
4390
6816
7198
5857
7169
9703
8480
3241
5680
8673
5851
5263
2472
2957
3663
8138
9977
4673
2212
5720
6944
3586
3148
5257
2331
1648
1960
4488
8237
3217
4860
2160
188
1619
8232
4238
7564
2084
2408
8335
5265
6548
2966
9710
5785
7567
7486
62
5252
1171
4268
2452
6273
7940
6024
6607
9468
9558
8248
4766
898
2727
844
5088
1789
4516
5869
4996
2833
915
8251
1713
7553
2269
776
4679
375
8886
9727
9984
5820
2052
2962
7173
6605
7243
8478
9484
2100
5641
9695
478
8572
4195
5978
4704
9436
13
2990
9815
7224
6159
8540
6503
9455
2099
5220
6141
3824
6945
427
4651
8579
165
3367
7039
3810
5522
8859
3928
6653
1549
5033
9890
6247
7382
3307
848
1552
6484
2277
3805
8330
5348
3983
8727
2820
8801
7009
7546
8044
3902
2014
2958
5390
8458
4864
8920
3606
9935
8497
6055
6469
4265
1349
335
593
108
5303
9784
4500
6979
5387
7639
9978
5041
1967
1362
591
7872
7415
4609
261
9545
9830
7339
3827
8528
2534
4291
2728
2935
7847
2133
7245
8111
5124
7518
651
2993
7627
8771
2912
8464
3437
3104
5753
9287
4703
3745
4518
3112
6707
5622
6242
3749
5819
7101
4797
7926
2930
6783
492
6172
4870
6794
3309
874
6381
3884
3898
9903
2128
5734
1372
5274
7933
8653
3108
5062
9206
4843
1307
9823
2735
9700
5268
6935
8761
3294
8034
1065
4433
9661
357
9171
7079
6101
7258
9276
8837
5630
6418
6150
4809
3449
5818
3342
4148
7018
1722
238
7819
3569
6178
1242
6851
9187
6115
2403
7381
5410
4116
9613
5868
7906
2777
4266
2181
9354
9210
809
5406
5472
9895
8959
1399
257
2088
401
2563
7610
2494
1832
1394
2332
5911
9958
1803
3452
3078
979
6732
3977
3942
5893
7307
5343
2968
3074
5194
3158
7744
19
2801
5648
7383
6221
4599
4294
4842
7093
5999
97
4019
4869
946
5841
3413
1656
8711
489
7156
8213
2360
9852
9047
8834
9607
1347
4312
5957
6655
5612
2196
4896
7722
8493
1456
5085
9485
6640
4040
9173
2887
2046
8623
7701
6863
7811
8377
578
4779
31
8752
3630
134
8148
8186
